image_width: 1280
image_height: 960
camera_name: narrow_stereo
camera_matrix:
  rows: 3
  cols: 3
  data: [1389.366405, 0.000000, 613.686090, 0.000000, 1382.396888, 471.908541, 0.000000, 0.000000, 1.000000]
distortion_model: plumb_bob
distortion_coefficients:
  rows: 1
  cols: 5
  data: [0.029172, -0.102613, -0.003607, -0.006247, 0.000000]
rectification_matrix:
  rows: 3
  cols: 3
  data: [1.000000, 0.000000, 0.000000, 0.000000, 1.000000, 0.000000, 0.000000, 0.000000, 1.000000]
projection_matrix:
  rows: 3
  cols: 4
  data: [1390.541626, 0.000000, 607.105791, 0.000000, 0.000000, 1388.365845, 469.019023, 0.000000, 0.000000, 0.000000, 1.000000, 0.000000]
