%YAML:1.0
transformation: !!opencv-matrix
   rows: 3
   cols: 3
   dt: d
   data: [ 2.6359211279404389e+00, 2.5366820467570335e-02,
       -2.1396784301509211e+02, 4.4222978450841451e-02,
       2.6930463152235609e+00, -1.5067125440750721e+02,
       -8.6273927985935754e-05, 5.6035668014899217e-05, 1. ]
