%YAML:1.0
transformation: !!opencv-matrix
   rows: 3
   cols: 3
   dt: d
   data: [ 2.4510995256085741e+00, 1.2628412576572620e-01,
       -1.8261211812915639e+02, -2.6437689178001322e-03,
       2.8221427907484271e+00, -2.8393788378963990e+02,
       -2.6404414215162398e-04, 3.2935198762451643e-04, 1. ]
