%YAML:1.0
transformation: !!opencv-matrix
   rows: 3
   cols: 3
   dt: d
   data: [ 2.7998103062478998e+00, -3.7700170039727143e-01,
       -1.9389674684869050e+02, 1.9064786545240539e-01,
       2.6998991597243962e+00, -1.0912737607790396e+02,
       1.3913157337921785e-04, -6.8169083800492740e-05, 1. ]
