%YAML:1.0
transformation: !!opencv-matrix
   rows: 3
   cols: 3
   dt: d
   data: [ -3.2878016933682601e+00, 1.0632498000648760e+00,
       1.7600039747670899e+03, -5.6094617944605152e-01,
       -2.4860719834560401e+00, 1.5730774246487779e+03,
       -3.2254634773795301e-04, 1.1461698659281602e-03, 1. ]
