%YAML:1.0
transformation: !!opencv-matrix
   rows: 3
   cols: 3
   dt: d
   data: [ 3.4912259962949279e+00, -4.1562591804869653e-02,
       -3.4287372606687080e+02, 2.6773839872639726e-01,
       3.2972365751078403e+00, -2.8274552475575422e+02,
       3.6997865877260914e-04, 2.5489618032192423e-04,
       9.9999999999999989e-01 ]
